4
5
6
7
8
9
10
11
12
13
14
15
16
17
18
19
21
43
4
5
6
7
8
4
5
6
7
8
4
5
6
7
8
4
5
6
7
8
4
5
6
7
8
4
5
6
7
8
4
5
6
7
8
4
5
6
7
8
4
5
6
7
8
4
5
6
7
8
4
5
6
7
8
4
5
6
7
8
4
5
6
7
8
4
5
6
7
8
4
5
6
7
8
4
5
6
7
8
697
2498
19853
2410
803
7864
12210
14321
1481
12106
18328
16606
16198
119
12587
12827
12965
1684
14916
3616
3004
1262
5390
15083
5643
19173
5200
15240
1643
8028
11592
3162
15573
12926
168
15354
18303
7818
13993
12347
261
5226
10828
14813
13967
13352
17553
3183
7194
13676
11013
17577
4905
9776
19555
2427
10329
19543
12485
18877
16964
7855
16322
18822
9375
7776
11932
3529
7840
12276
12952
8774
652
1467
987
14522
8551
2892
3042
5066
16081
19021
4
5
6
7
8
4
5
6
7
8
4
5
6
7
8
4
5
6
7
8
4
5
6
7
8
4
5
6
7
8
4
5
6
7
8
4
5
6
7
8
4
5
6
7
8
4
5
6
7
8
4
5
6
7
8
4
5
6
7
8
4
5
6
7
8
4
5
6
7
8
4
5
6
7
8
4
5
6
7
8
